NC_063383.1 359 360 stroke_color=(90,255,21)
NC_063383.1 1262 1263 stroke_color=(84,101,255)
NC_063383.1 2591 2592 stroke_color=(90,255,21)
NC_063383.1 3111 3112 stroke_color=(84,101,255)
NC_063383.1 3522 3523 stroke_color=(84,101,255)
NC_063383.1 3818 3819 stroke_color=(84,101,255)
NC_063383.1 7771 7772 stroke_color=(84,101,255)
NC_063383.1 15428 15429 stroke_color=(84,101,255)
NC_063383.1 16595 16596 stroke_color=(255,179,15)
NC_063383.1 18111 18112 stroke_color=(255,179,15)
NC_063383.1 19049 19050 stroke_color=(90,255,21)
NC_063383.1 21723 21724 stroke_color=(84,101,255)
NC_063383.1 23564 23565 stroke_color=(84,101,255)
NC_063383.1 24020 24021 stroke_color=(255,179,15)
NC_063383.1 25661 25662 stroke_color=(215,38,56)
NC_063383.1 30367 30368 stroke_color=(215,38,56)
NC_063383.1 31053 31054 stroke_color=(90,255,21)
NC_063383.1 34459 34460 stroke_color=(215,38,56)
NC_063383.1 37202 37203 stroke_color=(84,101,255)
NC_063383.1 38360 38361 stroke_color=(84,101,255)
NC_063383.1 38662 38663 stroke_color=(84,101,255)
NC_063383.1 39119 39120 stroke_color=(215,38,56)
NC_063383.1 39139 39140 stroke_color=(84,101,255)
NC_063383.1 39383 39384 stroke_color=(255,179,15)
NC_063383.1 42788 42789 stroke_color=(255,179,15)
NC_063383.1 42956 42957 stroke_color=(255,179,15)
NC_063383.1 44980 44981 stroke_color=(90,255,21)
NC_063383.1 47570 47571 stroke_color=(255,179,15)
NC_063383.1 51455 51456 stroke_color=(255,179,15)
NC_063383.1 52885 52886 stroke_color=(84,101,255)
NC_063383.1 54117 54118 stroke_color=(215,38,56)
NC_063383.1 54635 54636 stroke_color=(215,38,56)
NC_063383.1 55133 55134 stroke_color=(84,101,255)
NC_063383.1 55133 55134 stroke_color=(84,101,255)
NC_063383.1 61102 61103 stroke_color=(255,179,15)
NC_063383.1 64297 64298 stroke_color=(84,101,255)
NC_063383.1 64426 64427 stroke_color=(84,101,255)
NC_063383.1 72362 72363 stroke_color=(84,101,255)
NC_063383.1 73066 73067 stroke_color=(84,101,255)
NC_063383.1 73239 73240 stroke_color=(215,38,56)
NC_063383.1 74205 74206 stroke_color=(84,101,255)
NC_063383.1 75155 75156 stroke_color=(255,179,15)
NC_063383.1 77383 77384 stroke_color=(84,101,255)
NC_063383.1 77593 77594 stroke_color=(255,179,15)
NC_063383.1 77910 77911 stroke_color=(90,255,21)
NC_063383.1 80037 80038 stroke_color=(255,179,15)
NC_063383.1 80037 80038 stroke_color=(255,179,15)
NC_063383.1 80167 80168 stroke_color=(255,179,15)
NC_063383.1 81275 81276 stroke_color=(84,101,255)
NC_063383.1 82373 82374 stroke_color=(84,101,255)
NC_063383.1 82451 82452 stroke_color=(84,101,255)
NC_063383.1 83326 83327 stroke_color=(215,38,56)
NC_063383.1 84587 84588 stroke_color=(84,101,255)
NC_063383.1 87230 87231 stroke_color=(84,101,255)
NC_063383.1 87297 87298 stroke_color=(84,101,255)
NC_063383.1 90205 90206 stroke_color=(90,255,21)
NC_063383.1 91728 91729 stroke_color=(84,101,255)
NC_063383.1 108239 108240 stroke_color=(90,255,21)
NC_063383.1 111074 111075 stroke_color=(215,38,56)
NC_063383.1 116080 116081 stroke_color=(255,179,15)
NC_063383.1 117345 117346 stroke_color=(255,179,15)
NC_063383.1 119296 119297 stroke_color=(215,38,56)
NC_063383.1 124130 124131 stroke_color=(84,101,255)
NC_063383.1 124674 124675 stroke_color=(84,101,255)
NC_063383.1 125249 125250 stroke_color=(255,179,15)
NC_063383.1 128698 128699 stroke_color=(84,101,255)
NC_063383.1 139981 139982 stroke_color=(255,179,15)
NC_063383.1 141607 141608 stroke_color=(90,255,21)
NC_063383.1 142064 142065 stroke_color=(90,255,21)
NC_063383.1 142149 142150 stroke_color=(90,255,21)
NC_063383.1 142610 142611 stroke_color=(90,255,21)
NC_063383.1 148412 148413 stroke_color=(215,38,56)
NC_063383.1 150193 150194 stroke_color=(90,255,21)
NC_063383.1 150469 150470 stroke_color=(84,101,255)
NC_063383.1 151411 151412 stroke_color=(90,255,21)
NC_063383.1 152400 152401 stroke_color=(90,255,21)
NC_063383.1 152634 152635 stroke_color=(90,255,21)
NC_063383.1 153157 153158 stroke_color=(255,179,15)
NC_063383.1 153281 153282 stroke_color=(90,255,21)
NC_063383.1 153542 153543 stroke_color=(90,255,21)
NC_063383.1 155070 155071 stroke_color=(90,255,21)
NC_063383.1 162243 162244 stroke_color=(215,38,56)
NC_063383.1 162331 162332 stroke_color=(215,38,56)
NC_063383.1 163073 163074 stroke_color=(255,179,15)
NC_063383.1 164057 164058 stroke_color=(255,179,15)
NC_063383.1 164832 164833 stroke_color=(215,38,56)
NC_063383.1 165282 165283 stroke_color=(255,179,15)
NC_063383.1 167800 167801 stroke_color=(90,255,21)
NC_063383.1 168120 168121 stroke_color=(90,255,21)
NC_063383.1 171672 171673 stroke_color=(255,179,15)
NC_063383.1 173094 173095 stroke_color=(90,255,21)
NC_063383.1 174082 174083 stroke_color=(255,179,15)
NC_063383.1 176069 176070 stroke_color=(255,179,15)
NC_063383.1 178133 178134 stroke_color=(84,101,255)
NC_063383.1 181980 181981 stroke_color=(84,101,255)
NC_063383.1 183519 183520 stroke_color=(84,101,255)
NC_063383.1 186578 186579 stroke_color=(215,38,56)
NC_063383.1 186834 186835 stroke_color=(255,179,15)
NC_063383.1 187428 187429 stroke_color=(84,101,255)
NC_063383.1 187459 187460 stroke_color=(255,179,15)
NC_063383.1 187993 187994 stroke_color=(255,179,15)
NC_063383.1 188790 188791 stroke_color=(255,179,15)
NC_063383.1 189604 189605 stroke_color=(90,255,21)
NC_063383.1 190660 190661 stroke_color=(84,101,255)
NC_063383.1 191977 191978 stroke_color=(90,255,21)
NC_063383.1 193392 193393 stroke_color=(84,101,255)
NC_063383.1 193688 193689 stroke_color=(84,101,255)
NC_063383.1 194099 194100 stroke_color=(84,101,255)
NC_063383.1 194619 194620 stroke_color=(90,255,21)
NC_063383.1 195044 195045 stroke_color=(255,179,15)
NC_063383.1 195948 195949 stroke_color=(84,101,255)
NC_063383.1 196372 196373 stroke_color=(255,179,15)
NC_063383.1 196851 196852 stroke_color=(90,255,21)
