NC_063383.1 4679 4806 fill_color=(247,178,189)
NC_063383.1 133077 133102 fill_color=(247,178,189)
NC_063383.1 136512 136569 fill_color=(247,178,189)
NC_063383.1 140104 140144 fill_color=(247,178,189)
NC_063383.1 140104 140162 fill_color=(247,178,189)
NC_063383.1 140111 140171 fill_color=(247,178,189)
NC_063383.1 140138 140173 fill_color=(247,178,189)
NC_063383.1 141975 142021 fill_color=(247,178,189)
NC_063383.1 146847 146907 fill_color=(247,178,189)
NC_063383.1 146847 146912 fill_color=(247,178,189)
NC_063383.1 146854 146912 fill_color=(247,178,189)
NC_063383.1 150543 150628 fill_color=(247,178,189)
NC_063383.1 150543 150628 fill_color=(247,178,189)
NC_063383.1 150543 150628 fill_color=(247,178,189)
NC_063383.1 163189 163214 fill_color=(247,178,189)
NC_063383.1 166090 166116 fill_color=(247,178,189)
NC_063383.1 169721 169774 fill_color=(247,178,189)
NC_063383.1 173273 173317 fill_color=(247,178,189)
NC_063383.1 174518 174547 fill_color=(247,178,189)
NC_063383.1 179076 179243 fill_color=(247,178,189)
NC_063383.1 192403 192530 fill_color=(247,178,189)
NC_063383.1 197000 197120 fill_color=(247,178,189)
